# oST version 5.0 parameters


[image]

width
640

height
480

[narrow_stereo]

camera matrix
769.852272 0.000000 364.838242
0.000000 764.682111 158.986895
0.000000 0.000000 1.000000

distortion
-0.203574 0.348316 0.007457 0.008179 0.000000

rectification
1.000000 0.000000 0.000000
0.000000 1.000000 0.000000
0.000000 0.000000 1.000000

projection
752.069397 0.000000 368.386569 0.000000
0.000000 755.358582 159.075121 0.000000
0.000000 0.000000 1.000000 0.000000
