# oST version 5.0 parameters


[image]

width
640

height
480

[narrow_stereo]

camera matrix
589.023455 0.000000 334.964510
0.000000 586.179141 300.006420
0.000000 0.000000 1.000000

distortion
0.249749 -0.453859 0.018177 -0.001959 0.000000

rectification
1.000000 0.000000 0.000000
0.000000 1.000000 0.000000
0.000000 0.000000 1.000000

projection
613.659607 0.000000 334.480122 0.000000
0.000000 602.626099 306.404900 0.000000
0.000000 0.000000 1.000000 0.000000
