# oST version 5.0 parameters


[image]

width
640

height
488

[narrow_stereo]

camera matrix
492.005597 0.000000 257.698234
0.000000 476.924159 228.319910
0.000000 0.000000 1.000000

distortion
-0.233470 0.112240 -0.016361 -0.010030 0.000000

rectification
1.000000 0.000000 0.000000
0.000000 1.000000 0.000000
0.000000 0.000000 1.000000

projection
443.266357 0.000000 242.218708 0.000000
0.000000 445.351685 218.706285 0.000000
0.000000 0.000000 1.000000 0.000000
